(kicad_pcb (version 20171130) (host pcbnew "(5.1.12)-1")

  (general
    (thickness 1.6)
    (drawings 16)
    (tracks 37)
    (zones 0)
    (modules 12)
    (nets 36)
  )

  (page A4)
  (layers
    (0 F.Cu signal)
    (31 B.Cu signal)
    (32 B.Adhes user)
    (33 F.Adhes user)
    (34 B.Paste user)
    (35 F.Paste user)
    (36 B.SilkS user)
    (37 F.SilkS user)
    (38 B.Mask user)
    (39 F.Mask user)
    (40 Dwgs.User user)
    (41 Cmts.User user)
    (42 Eco1.User user)
    (43 Eco2.User user)
    (44 Edge.Cuts user)
    (45 Margin user)
    (46 B.CrtYd user)
    (47 F.CrtYd user)
    (48 B.Fab user)
    (49 F.Fab user)
  )

  (setup
    (last_trace_width 0.35)
    (trace_clearance 0.2)
    (zone_clearance 0.508)
    (zone_45_only no)
    (trace_min 0.2)
    (via_size 0.8)
    (via_drill 0.4)
    (via_min_size 0.4)
    (via_min_drill 0.3)
    (uvia_size 0.3)
    (uvia_drill 0.1)
    (uvias_allowed no)
    (uvia_min_size 0.2)
    (uvia_min_drill 0.1)
    (edge_width 0.05)
    (segment_width 0.2)
    (pcb_text_width 0.3)
    (pcb_text_size 1.5 1.5)
    (mod_edge_width 0.12)
    (mod_text_size 1 1)
    (mod_text_width 0.15)
    (pad_size 1.524 1.524)
    (pad_drill 0.762)
    (pad_to_mask_clearance 0)
    (aux_axis_origin 0 0)
    (visible_elements 7FFFFFFF)
    (pcbplotparams
      (layerselection 0x010fc_ffffffff)
      (usegerberextensions false)
      (usegerberattributes true)
      (usegerberadvancedattributes true)
      (creategerberjobfile true)
      (excludeedgelayer true)
      (linewidth 0.100000)
      (plotframeref false)
      (viasonmask false)
      (mode 1)
      (useauxorigin false)
      (hpglpennumber 1)
      (hpglpenspeed 20)
      (hpglpendiameter 15.000000)
      (psnegative false)
      (psa4output false)
      (plotreference true)
      (plotvalue true)
      (plotinvisibletext false)
      (padsonsilk false)
      (subtractmaskfromsilk false)
      (outputformat 1)
      (mirror false)
      (drillshape 0)
      (scaleselection 1)
      (outputdirectory "./"))
  )

  (net 0 "")
  (net 1 "Net-(A1-Pad1)")
  (net 2 "Net-(A1-Pad17)")
  (net 3 "Net-(A1-Pad2)")
  (net 4 "Net-(A1-Pad18)")
  (net 5 "Net-(A1-Pad3)")
  (net 6 "Net-(A1-Pad19)")
  (net 7 GND)
  (net 8 "Net-(A1-Pad20)")
  (net 9 Flow_sensor)
  (net 10 "Net-(A1-Pad21)")
  (net 11 Button)
  (net 12 "Net-(A1-Pad22)")
  (net 13 "Net-(A1-Pad7)")
  (net 14 "Net-(A1-Pad23)")
  (net 15 LED)
  (net 16 "Net-(A1-Pad24)")
  (net 17 buzzer)
  (net 18 "Net-(A1-Pad25)")
  (net 19 Solenoid)
  (net 20 "Net-(A1-Pad26)")
  (net 21 "Net-(A1-Pad11)")
  (net 22 +5V)
  (net 23 "Net-(A1-Pad12)")
  (net 24 "Net-(A1-Pad28)")
  (net 25 "Net-(A1-Pad13)")
  (net 26 "Net-(A1-Pad14)")
  (net 27 +12V)
  (net 28 "Net-(A1-Pad15)")
  (net 29 "Net-(A1-Pad16)")
  (net 30 "Net-(D1-Pad2)")
  (net 31 "Net-(J5-Pad1)")
  (net 32 "Net-(R2-Pad1)")
  (net 33 "Net-(U1-Pad3)")
  (net 34 "Net-(U1-Pad6)")
  (net 35 "Net-(J1-Pad3)")

  (net_class Default "This is the default net class."
    (clearance 0.2)
    (trace_width 0.35)
    (via_dia 0.8)
    (via_drill 0.4)
    (uvia_dia 0.3)
    (uvia_drill 0.1)
    (add_net Button)
    (add_net Flow_sensor)
    (add_net LED)
    (add_net "Net-(A1-Pad1)")
    (add_net "Net-(A1-Pad11)")
    (add_net "Net-(A1-Pad12)")
    (add_net "Net-(A1-Pad13)")
    (add_net "Net-(A1-Pad14)")
    (add_net "Net-(A1-Pad15)")
    (add_net "Net-(A1-Pad16)")
    (add_net "Net-(A1-Pad17)")
    (add_net "Net-(A1-Pad18)")
    (add_net "Net-(A1-Pad19)")
    (add_net "Net-(A1-Pad2)")
    (add_net "Net-(A1-Pad20)")
    (add_net "Net-(A1-Pad21)")
    (add_net "Net-(A1-Pad22)")
    (add_net "Net-(A1-Pad23)")
    (add_net "Net-(A1-Pad24)")
    (add_net "Net-(A1-Pad25)")
    (add_net "Net-(A1-Pad26)")
    (add_net "Net-(A1-Pad28)")
    (add_net "Net-(A1-Pad3)")
    (add_net "Net-(A1-Pad7)")
    (add_net "Net-(J1-Pad3)")
    (add_net "Net-(J5-Pad1)")
    (add_net "Net-(R2-Pad1)")
    (add_net "Net-(U1-Pad3)")
    (add_net "Net-(U1-Pad6)")
    (add_net buzzer)
  )

  (net_class Power ""
    (clearance 0.2)
    (trace_width 0.5)
    (via_dia 0.8)
    (via_drill 0.4)
    (uvia_dia 0.3)
    (uvia_drill 0.1)
    (add_net +12V)
    (add_net +5V)
    (add_net GND)
    (add_net "Net-(D1-Pad2)")
    (add_net Solenoid)
  )

  (module Package_DIP:DIP-6_W7.62mm (layer F.Cu) (tedit 5A02E8C5) (tstamp 634B2F28)
    (at 137.16 80.01 180)
    (descr "6-lead though-hole mounted DIP package, row spacing 7.62 mm (300 mils)")
    (tags "THT DIP DIL PDIP 2.54mm 7.62mm 300mil")
    (path /634AE0C0)
    (fp_text reference U1 (at 3.81 -2.33) (layer F.Fab)
      (effects (font (size 1 1) (thickness 0.15)))
    )
    (fp_text value 4N37 (at 3.81 7.41) (layer F.SilkS)
      (effects (font (size 1 1) (thickness 0.15)))
    )
    (fp_line (start 8.7 -1.55) (end -1.1 -1.55) (layer F.CrtYd) (width 0.05))
    (fp_line (start 8.7 6.6) (end 8.7 -1.55) (layer F.CrtYd) (width 0.05))
    (fp_line (start -1.1 6.6) (end 8.7 6.6) (layer F.CrtYd) (width 0.05))
    (fp_line (start -1.1 -1.55) (end -1.1 6.6) (layer F.CrtYd) (width 0.05))
    (fp_line (start 6.46 -1.33) (end 4.81 -1.33) (layer F.SilkS) (width 0.12))
    (fp_line (start 6.46 6.41) (end 6.46 -1.33) (layer F.SilkS) (width 0.12))
    (fp_line (start 1.16 6.41) (end 6.46 6.41) (layer F.SilkS) (width 0.12))
    (fp_line (start 1.16 -1.33) (end 1.16 6.41) (layer F.SilkS) (width 0.12))
    (fp_line (start 2.81 -1.33) (end 1.16 -1.33) (layer F.SilkS) (width 0.12))
    (fp_line (start 0.635 -0.27) (end 1.635 -1.27) (layer F.Fab) (width 0.1))
    (fp_line (start 0.635 6.35) (end 0.635 -0.27) (layer F.Fab) (width 0.1))
    (fp_line (start 6.985 6.35) (end 0.635 6.35) (layer F.Fab) (width 0.1))
    (fp_line (start 6.985 -1.27) (end 6.985 6.35) (layer F.Fab) (width 0.1))
    (fp_line (start 1.635 -1.27) (end 6.985 -1.27) (layer F.Fab) (width 0.1))
    (fp_arc (start 3.81 -1.33) (end 2.81 -1.33) (angle -180) (layer F.SilkS) (width 0.12))
    (fp_text user %R (at 3.81 2.54) (layer F.Fab)
      (effects (font (size 1 1) (thickness 0.15)))
    )
    (pad 1 thru_hole rect (at 0 0 180) (size 1.6 1.6) (drill 0.8) (layers *.Cu *.Mask)
      (net 15 LED))
    (pad 4 thru_hole oval (at 7.62 5.08 180) (size 1.6 1.6) (drill 0.8) (layers *.Cu *.Mask)
      (net 7 GND))
    (pad 2 thru_hole oval (at 0 2.54 180) (size 1.6 1.6) (drill 0.8) (layers *.Cu *.Mask)
      (net 32 "Net-(R2-Pad1)"))
    (pad 5 thru_hole oval (at 7.62 2.54 180) (size 1.6 1.6) (drill 0.8) (layers *.Cu *.Mask)
      (net 31 "Net-(J5-Pad1)"))
    (pad 3 thru_hole oval (at 0 5.08 180) (size 1.6 1.6) (drill 0.8) (layers *.Cu *.Mask)
      (net 33 "Net-(U1-Pad3)"))
    (pad 6 thru_hole oval (at 7.62 0 180) (size 1.6 1.6) (drill 0.8) (layers *.Cu *.Mask)
      (net 34 "Net-(U1-Pad6)"))
    (model ${KISYS3DMOD}/Package_DIP.3dshapes/DIP-6_W7.62mm.wrl
      (at (xyz 0 0 0))
      (scale (xyz 1 1 1))
      (rotate (xyz 0 0 0))
    )
  )

  (module Module:Arduino_Nano (layer F.Cu) (tedit 58ACAF70) (tstamp 634B20F4)
    (at 125.73 69.85 90)
    (descr "Arduino Nano, http://www.mouser.com/pdfdocs/Gravitech_Arduino_Nano3_0.pdf")
    (tags "Arduino Nano")
    (path /634A7D91)
    (fp_text reference A1 (at 7.62 -5.08 90) (layer F.Fab)
      (effects (font (size 1 1) (thickness 0.15)))
    )
    (fp_text value Arduino_Nano_v2.x (at 8.89 19.05) (layer F.Fab)
      (effects (font (size 1 1) (thickness 0.15)))
    )
    (fp_line (start 16.75 42.16) (end -1.53 42.16) (layer F.CrtYd) (width 0.05))
    (fp_line (start 16.75 42.16) (end 16.75 -4.06) (layer F.CrtYd) (width 0.05))
    (fp_line (start -1.53 -4.06) (end -1.53 42.16) (layer F.CrtYd) (width 0.05))
    (fp_line (start -1.53 -4.06) (end 16.75 -4.06) (layer F.CrtYd) (width 0.05))
    (fp_line (start 16.51 -3.81) (end 16.51 39.37) (layer F.Fab) (width 0.1))
    (fp_line (start 0 -3.81) (end 16.51 -3.81) (layer F.Fab) (width 0.1))
    (fp_line (start -1.27 -2.54) (end 0 -3.81) (layer F.Fab) (width 0.1))
    (fp_line (start -1.27 39.37) (end -1.27 -2.54) (layer F.Fab) (width 0.1))
    (fp_line (start 16.51 39.37) (end -1.27 39.37) (layer F.Fab) (width 0.1))
    (fp_line (start 16.64 -3.94) (end -1.4 -3.94) (layer F.SilkS) (width 0.12))
    (fp_line (start 16.64 39.5) (end 16.64 -3.94) (layer F.SilkS) (width 0.12))
    (fp_line (start -1.4 39.5) (end 16.64 39.5) (layer F.SilkS) (width 0.12))
    (fp_line (start 3.81 41.91) (end 3.81 31.75) (layer F.Fab) (width 0.1))
    (fp_line (start 11.43 41.91) (end 3.81 41.91) (layer F.Fab) (width 0.1))
    (fp_line (start 11.43 31.75) (end 11.43 41.91) (layer F.Fab) (width 0.1))
    (fp_line (start 3.81 31.75) (end 11.43 31.75) (layer F.Fab) (width 0.1))
    (fp_line (start 1.27 36.83) (end -1.4 36.83) (layer F.SilkS) (width 0.12))
    (fp_line (start 1.27 1.27) (end 1.27 36.83) (layer F.SilkS) (width 0.12))
    (fp_line (start 1.27 1.27) (end -1.4 1.27) (layer F.SilkS) (width 0.12))
    (fp_line (start 13.97 36.83) (end 16.64 36.83) (layer F.SilkS) (width 0.12))
    (fp_line (start 13.97 -1.27) (end 13.97 36.83) (layer F.SilkS) (width 0.12))
    (fp_line (start 13.97 -1.27) (end 16.64 -1.27) (layer F.SilkS) (width 0.12))
    (fp_line (start -1.4 -3.94) (end -1.4 -1.27) (layer F.SilkS) (width 0.12))
    (fp_line (start -1.4 1.27) (end -1.4 39.5) (layer F.SilkS) (width 0.12))
    (fp_line (start 1.27 -1.27) (end -1.4 -1.27) (layer F.SilkS) (width 0.12))
    (fp_line (start 1.27 1.27) (end 1.27 -1.27) (layer F.SilkS) (width 0.12))
    (fp_text user %R (at 6.35 19.05) (layer F.Fab)
      (effects (font (size 1 1) (thickness 0.15)))
    )
    (pad 1 thru_hole rect (at 0 0 90) (size 1.6 1.6) (drill 1) (layers *.Cu *.Mask)
      (net 1 "Net-(A1-Pad1)"))
    (pad 17 thru_hole oval (at 15.24 33.02 90) (size 1.6 1.6) (drill 1) (layers *.Cu *.Mask)
      (net 2 "Net-(A1-Pad17)"))
    (pad 2 thru_hole oval (at 0 2.54 90) (size 1.6 1.6) (drill 1) (layers *.Cu *.Mask)
      (net 3 "Net-(A1-Pad2)"))
    (pad 18 thru_hole oval (at 15.24 30.48 90) (size 1.6 1.6) (drill 1) (layers *.Cu *.Mask)
      (net 4 "Net-(A1-Pad18)"))
    (pad 3 thru_hole oval (at 0 5.08 90) (size 1.6 1.6) (drill 1) (layers *.Cu *.Mask)
      (net 5 "Net-(A1-Pad3)"))
    (pad 19 thru_hole oval (at 15.24 27.94 90) (size 1.6 1.6) (drill 1) (layers *.Cu *.Mask)
      (net 6 "Net-(A1-Pad19)"))
    (pad 4 thru_hole oval (at 0 7.62 90) (size 1.6 1.6) (drill 1) (layers *.Cu *.Mask)
      (net 7 GND))
    (pad 20 thru_hole oval (at 15.24 25.4 90) (size 1.6 1.6) (drill 1) (layers *.Cu *.Mask)
      (net 8 "Net-(A1-Pad20)"))
    (pad 5 thru_hole oval (at 0 10.16 90) (size 1.6 1.6) (drill 1) (layers *.Cu *.Mask)
      (net 9 Flow_sensor))
    (pad 21 thru_hole oval (at 15.24 22.86 90) (size 1.6 1.6) (drill 1) (layers *.Cu *.Mask)
      (net 10 "Net-(A1-Pad21)"))
    (pad 6 thru_hole oval (at 0 12.7 90) (size 1.6 1.6) (drill 1) (layers *.Cu *.Mask)
      (net 11 Button))
    (pad 22 thru_hole oval (at 15.24 20.32 90) (size 1.6 1.6) (drill 1) (layers *.Cu *.Mask)
      (net 12 "Net-(A1-Pad22)"))
    (pad 7 thru_hole oval (at 0 15.24 90) (size 1.6 1.6) (drill 1) (layers *.Cu *.Mask)
      (net 13 "Net-(A1-Pad7)"))
    (pad 23 thru_hole oval (at 15.24 17.78 90) (size 1.6 1.6) (drill 1) (layers *.Cu *.Mask)
      (net 14 "Net-(A1-Pad23)"))
    (pad 8 thru_hole oval (at 0 17.78 90) (size 1.6 1.6) (drill 1) (layers *.Cu *.Mask)
      (net 15 LED))
    (pad 24 thru_hole oval (at 15.24 15.24 90) (size 1.6 1.6) (drill 1) (layers *.Cu *.Mask)
      (net 16 "Net-(A1-Pad24)"))
    (pad 9 thru_hole oval (at 0 20.32 90) (size 1.6 1.6) (drill 1) (layers *.Cu *.Mask)
      (net 17 buzzer))
    (pad 25 thru_hole oval (at 15.24 12.7 90) (size 1.6 1.6) (drill 1) (layers *.Cu *.Mask)
      (net 18 "Net-(A1-Pad25)"))
    (pad 10 thru_hole oval (at 0 22.86 90) (size 1.6 1.6) (drill 1) (layers *.Cu *.Mask)
      (net 19 Solenoid))
    (pad 26 thru_hole oval (at 15.24 10.16 90) (size 1.6 1.6) (drill 1) (layers *.Cu *.Mask)
      (net 20 "Net-(A1-Pad26)"))
    (pad 11 thru_hole oval (at 0 25.4 90) (size 1.6 1.6) (drill 1) (layers *.Cu *.Mask)
      (net 21 "Net-(A1-Pad11)"))
    (pad 27 thru_hole oval (at 15.24 7.62 90) (size 1.6 1.6) (drill 1) (layers *.Cu *.Mask)
      (net 22 +5V))
    (pad 12 thru_hole oval (at 0 27.94 90) (size 1.6 1.6) (drill 1) (layers *.Cu *.Mask)
      (net 23 "Net-(A1-Pad12)"))
    (pad 28 thru_hole oval (at 15.24 5.08 90) (size 1.6 1.6) (drill 1) (layers *.Cu *.Mask)
      (net 24 "Net-(A1-Pad28)"))
    (pad 13 thru_hole oval (at 0 30.48 90) (size 1.6 1.6) (drill 1) (layers *.Cu *.Mask)
      (net 25 "Net-(A1-Pad13)"))
    (pad 29 thru_hole oval (at 15.24 2.54 90) (size 1.6 1.6) (drill 1) (layers *.Cu *.Mask)
      (net 7 GND))
    (pad 14 thru_hole oval (at 0 33.02 90) (size 1.6 1.6) (drill 1) (layers *.Cu *.Mask)
      (net 26 "Net-(A1-Pad14)"))
    (pad 30 thru_hole oval (at 15.24 0 90) (size 1.6 1.6) (drill 1) (layers *.Cu *.Mask)
      (net 27 +12V))
    (pad 15 thru_hole oval (at 0 35.56 90) (size 1.6 1.6) (drill 1) (layers *.Cu *.Mask)
      (net 28 "Net-(A1-Pad15)"))
    (pad 16 thru_hole oval (at 15.24 35.56 90) (size 1.6 1.6) (drill 1) (layers *.Cu *.Mask)
      (net 29 "Net-(A1-Pad16)"))
    (model ${KISYS3DMOD}/Module.3dshapes/Arduino_Nano_WithMountingHoles.wrl
      (at (xyz 0 0 0))
      (scale (xyz 1 1 1))
      (rotate (xyz 0 0 0))
    )
  )

  (module Buzzer_Beeper:MagneticBuzzer_ProSignal_ABT-410-RC (layer F.Cu) (tedit 5A030281) (tstamp 634B327E)
    (at 142.24 78.74)
    (descr "Buzzer, Elektromagnetic Beeper, Summer, 1,5V-DC,")
    (tags "Pro Signal ABT-410-RC ")
    (path /634B5023)
    (fp_text reference BZ1 (at 3.175 6.985) (layer F.Fab)
      (effects (font (size 1 1) (thickness 0.15)))
    )
    (fp_text value Buzzer (at 3.556 2.54) (layer F.SilkS)
      (effects (font (size 1 1) (thickness 0.15)))
    )
    (fp_circle (center 3.25 0) (end 9.25 0) (layer F.Fab) (width 0.1))
    (fp_circle (center 3.25 0) (end 4.4 0) (layer F.Fab) (width 0.1))
    (fp_circle (center 3.25 0) (end 9.35 0) (layer F.SilkS) (width 0.12))
    (fp_circle (center 3.25 0) (end 9.5 0) (layer F.CrtYd) (width 0.05))
    (fp_text user + (at 0 -1.8) (layer F.Fab)
      (effects (font (size 1 1) (thickness 0.15)))
    )
    (fp_text user + (at 0 -1.8) (layer F.SilkS)
      (effects (font (size 1 1) (thickness 0.15)))
    )
    (fp_text user %R (at 3.175 6.985) (layer F.Fab)
      (effects (font (size 1 1) (thickness 0.15)))
    )
    (pad 1 thru_hole rect (at 0 0) (size 1.6 1.6) (drill 1) (layers *.Cu *.Mask)
      (net 17 buzzer))
    (pad 2 thru_hole circle (at 6.5 0) (size 1.6 1.6) (drill 1) (layers *.Cu *.Mask)
      (net 7 GND))
    (model ${KISYS3DMOD}/Buzzer_Beeper.3dshapes/MagneticBuzzer_ProSignal_ABT-410-RC.wrl
      (at (xyz 0 0 0))
      (scale (xyz 1 1 1))
      (rotate (xyz 0 0 0))
    )
  )

  (module Diode_THT:D_A-405_P7.62mm_Horizontal (layer F.Cu) (tedit 5AE50CD5) (tstamp 634B2120)
    (at 161.29 83.82 180)
    (descr "Diode, A-405 series, Axial, Horizontal, pin pitch=7.62mm, , length*diameter=5.2*2.7mm^2, , http://www.diodes.com/_files/packages/A-405.pdf")
    (tags "Diode A-405 series Axial Horizontal pin pitch 7.62mm  length 5.2mm diameter 2.7mm")
    (path /634B0794)
    (fp_text reference D1 (at 4.064 0) (layer F.SilkS)
      (effects (font (size 1 1) (thickness 0.15)))
    )
    (fp_text value D (at 3.81 2.47) (layer F.Fab)
      (effects (font (size 1 1) (thickness 0.15)))
    )
    (fp_line (start 8.77 -1.6) (end -1.15 -1.6) (layer F.CrtYd) (width 0.05))
    (fp_line (start 8.77 1.6) (end 8.77 -1.6) (layer F.CrtYd) (width 0.05))
    (fp_line (start -1.15 1.6) (end 8.77 1.6) (layer F.CrtYd) (width 0.05))
    (fp_line (start -1.15 -1.6) (end -1.15 1.6) (layer F.CrtYd) (width 0.05))
    (fp_line (start 1.87 -1.47) (end 1.87 1.47) (layer F.SilkS) (width 0.12))
    (fp_line (start 2.11 -1.47) (end 2.11 1.47) (layer F.SilkS) (width 0.12))
    (fp_line (start 1.99 -1.47) (end 1.99 1.47) (layer F.SilkS) (width 0.12))
    (fp_line (start 6.53 1.47) (end 6.53 1.14) (layer F.SilkS) (width 0.12))
    (fp_line (start 1.09 1.47) (end 6.53 1.47) (layer F.SilkS) (width 0.12))
    (fp_line (start 1.09 1.14) (end 1.09 1.47) (layer F.SilkS) (width 0.12))
    (fp_line (start 6.53 -1.47) (end 6.53 -1.14) (layer F.SilkS) (width 0.12))
    (fp_line (start 1.09 -1.47) (end 6.53 -1.47) (layer F.SilkS) (width 0.12))
    (fp_line (start 1.09 -1.14) (end 1.09 -1.47) (layer F.SilkS) (width 0.12))
    (fp_line (start 1.89 -1.35) (end 1.89 1.35) (layer F.Fab) (width 0.1))
    (fp_line (start 2.09 -1.35) (end 2.09 1.35) (layer F.Fab) (width 0.1))
    (fp_line (start 1.99 -1.35) (end 1.99 1.35) (layer F.Fab) (width 0.1))
    (fp_line (start 7.62 0) (end 6.41 0) (layer F.Fab) (width 0.1))
    (fp_line (start 0 0) (end 1.21 0) (layer F.Fab) (width 0.1))
    (fp_line (start 6.41 -1.35) (end 1.21 -1.35) (layer F.Fab) (width 0.1))
    (fp_line (start 6.41 1.35) (end 6.41 -1.35) (layer F.Fab) (width 0.1))
    (fp_line (start 1.21 1.35) (end 6.41 1.35) (layer F.Fab) (width 0.1))
    (fp_line (start 1.21 -1.35) (end 1.21 1.35) (layer F.Fab) (width 0.1))
    (fp_text user %R (at 4.2 0) (layer F.Fab)
      (effects (font (size 1 1) (thickness 0.15)))
    )
    (fp_text user K (at 0 -1.9) (layer F.Fab)
      (effects (font (size 1 1) (thickness 0.15)))
    )
    (fp_text user K (at 0 -1.9) (layer F.Fab)
      (effects (font (size 1 1) (thickness 0.15)))
    )
    (pad 1 thru_hole rect (at 0 0 180) (size 1.8 1.8) (drill 0.9) (layers *.Cu *.Mask)
      (net 27 +12V))
    (pad 2 thru_hole oval (at 7.62 0 180) (size 1.8 1.8) (drill 0.9) (layers *.Cu *.Mask)
      (net 30 "Net-(D1-Pad2)"))
    (model ${KISYS3DMOD}/Diode_THT.3dshapes/D_A-405_P7.62mm_Horizontal.wrl
      (at (xyz 0 0 0))
      (scale (xyz 1 1 1))
      (rotate (xyz 0 0 0))
    )
  )

  (module TerminalBlock_Phoenix:TerminalBlock_Phoenix_MKDS-1,5-2-5.08_1x02_P5.08mm_Horizontal (layer F.Cu) (tedit 5B294EBC) (tstamp 634B215C)
    (at 119.38 92.71)
    (descr "Terminal Block Phoenix MKDS-1,5-2-5.08, 2 pins, pitch 5.08mm, size 10.2x9.8mm^2, drill diamater 1.3mm, pad diameter 2.6mm, see http://www.farnell.com/datasheets/100425.pdf, script-generated using https://github.com/pointhi/kicad-footprint-generator/scripts/TerminalBlock_Phoenix")
    (tags "THT Terminal Block Phoenix MKDS-1,5-2-5.08 pitch 5.08mm size 10.2x9.8mm^2 drill 1.3mm pad 2.6mm")
    (path /634B26AB)
    (fp_text reference J2 (at 2.54 -6.26) (layer F.Fab)
      (effects (font (size 1 1) (thickness 0.15)))
    )
    (fp_text value "Button IN" (at 2.54 -6.35) (layer F.SilkS)
      (effects (font (size 1 1) (thickness 0.15)))
    )
    (fp_line (start 8.13 -5.71) (end -3.04 -5.71) (layer F.CrtYd) (width 0.05))
    (fp_line (start 8.13 5.1) (end 8.13 -5.71) (layer F.CrtYd) (width 0.05))
    (fp_line (start -3.04 5.1) (end 8.13 5.1) (layer F.CrtYd) (width 0.05))
    (fp_line (start -3.04 -5.71) (end -3.04 5.1) (layer F.CrtYd) (width 0.05))
    (fp_line (start -2.84 4.9) (end -2.34 4.9) (layer F.SilkS) (width 0.12))
    (fp_line (start -2.84 4.16) (end -2.84 4.9) (layer F.SilkS) (width 0.12))
    (fp_line (start 3.853 1.023) (end 3.806 1.069) (layer F.SilkS) (width 0.12))
    (fp_line (start 6.15 -1.275) (end 6.115 -1.239) (layer F.SilkS) (width 0.12))
    (fp_line (start 4.046 1.239) (end 4.011 1.274) (layer F.SilkS) (width 0.12))
    (fp_line (start 6.355 -1.069) (end 6.308 -1.023) (layer F.SilkS) (width 0.12))
    (fp_line (start 6.035 -1.138) (end 3.943 0.955) (layer F.Fab) (width 0.1))
    (fp_line (start 6.218 -0.955) (end 4.126 1.138) (layer F.Fab) (width 0.1))
    (fp_line (start 0.955 -1.138) (end -1.138 0.955) (layer F.Fab) (width 0.1))
    (fp_line (start 1.138 -0.955) (end -0.955 1.138) (layer F.Fab) (width 0.1))
    (fp_line (start 7.68 -5.261) (end 7.68 4.66) (layer F.SilkS) (width 0.12))
    (fp_line (start -2.6 -5.261) (end -2.6 4.66) (layer F.SilkS) (width 0.12))
    (fp_line (start -2.6 4.66) (end 7.68 4.66) (layer F.SilkS) (width 0.12))
    (fp_line (start -2.6 -5.261) (end 7.68 -5.261) (layer F.SilkS) (width 0.12))
    (fp_line (start -2.6 -2.301) (end 7.68 -2.301) (layer F.SilkS) (width 0.12))
    (fp_line (start -2.54 -2.3) (end 7.62 -2.3) (layer F.Fab) (width 0.1))
    (fp_line (start -2.6 2.6) (end 7.68 2.6) (layer F.SilkS) (width 0.12))
    (fp_line (start -2.54 2.6) (end 7.62 2.6) (layer F.Fab) (width 0.1))
    (fp_line (start -2.6 4.1) (end 7.68 4.1) (layer F.SilkS) (width 0.12))
    (fp_line (start -2.54 4.1) (end 7.62 4.1) (layer F.Fab) (width 0.1))
    (fp_line (start -2.54 4.1) (end -2.54 -5.2) (layer F.Fab) (width 0.1))
    (fp_line (start -2.04 4.6) (end -2.54 4.1) (layer F.Fab) (width 0.1))
    (fp_line (start 7.62 4.6) (end -2.04 4.6) (layer F.Fab) (width 0.1))
    (fp_line (start 7.62 -5.2) (end 7.62 4.6) (layer F.Fab) (width 0.1))
    (fp_line (start -2.54 -5.2) (end 7.62 -5.2) (layer F.Fab) (width 0.1))
    (fp_circle (center 5.08 0) (end 6.76 0) (layer F.SilkS) (width 0.12))
    (fp_circle (center 5.08 0) (end 6.58 0) (layer F.Fab) (width 0.1))
    (fp_circle (center 0 0) (end 1.5 0) (layer F.Fab) (width 0.1))
    (fp_arc (start 0 0) (end 0 1.68) (angle -24) (layer F.SilkS) (width 0.12))
    (fp_arc (start 0 0) (end 1.535 0.684) (angle -48) (layer F.SilkS) (width 0.12))
    (fp_arc (start 0 0) (end 0.684 -1.535) (angle -48) (layer F.SilkS) (width 0.12))
    (fp_arc (start 0 0) (end -1.535 -0.684) (angle -48) (layer F.SilkS) (width 0.12))
    (fp_arc (start 0 0) (end -0.684 1.535) (angle -25) (layer F.SilkS) (width 0.12))
    (fp_text user %R (at 2.54 3.2) (layer F.Fab)
      (effects (font (size 1 1) (thickness 0.15)))
    )
    (pad 1 thru_hole rect (at 0 0) (size 2.6 2.6) (drill 1.3) (layers *.Cu *.Mask)
      (net 7 GND))
    (pad 2 thru_hole circle (at 5.08 0) (size 2.6 2.6) (drill 1.3) (layers *.Cu *.Mask)
      (net 11 Button))
    (model ${KISYS3DMOD}/TerminalBlock_Phoenix.3dshapes/TerminalBlock_Phoenix_MKDS-1,5-2-5.08_1x02_P5.08mm_Horizontal.wrl
      (at (xyz 0 0 0))
      (scale (xyz 1 1 1))
      (rotate (xyz 0 0 0))
    )
  )

  (module TerminalBlock_Phoenix:TerminalBlock_Phoenix_MKDS-1,5-2-5.08_1x02_P5.08mm_Horizontal (layer F.Cu) (tedit 5B294EBC) (tstamp 634B354E)
    (at 154.94 92.71)
    (descr "Terminal Block Phoenix MKDS-1,5-2-5.08, 2 pins, pitch 5.08mm, size 10.2x9.8mm^2, drill diamater 1.3mm, pad diameter 2.6mm, see http://www.farnell.com/datasheets/100425.pdf, script-generated using https://github.com/pointhi/kicad-footprint-generator/scripts/TerminalBlock_Phoenix")
    (tags "THT Terminal Block Phoenix MKDS-1,5-2-5.08 pitch 5.08mm size 10.2x9.8mm^2 drill 1.3mm pad 2.6mm")
    (path /634B15BD)
    (fp_text reference J3 (at -4.064 -0.762) (layer F.Fab)
      (effects (font (size 1 1) (thickness 0.15)))
    )
    (fp_text value "Valve OUT" (at 2.286 -6.35) (layer F.SilkS)
      (effects (font (size 1 1) (thickness 0.15)))
    )
    (fp_circle (center 0 0) (end 1.5 0) (layer F.Fab) (width 0.1))
    (fp_circle (center 5.08 0) (end 6.58 0) (layer F.Fab) (width 0.1))
    (fp_circle (center 5.08 0) (end 6.76 0) (layer F.SilkS) (width 0.12))
    (fp_line (start -2.54 -5.2) (end 7.62 -5.2) (layer F.Fab) (width 0.1))
    (fp_line (start 7.62 -5.2) (end 7.62 4.6) (layer F.Fab) (width 0.1))
    (fp_line (start 7.62 4.6) (end -2.04 4.6) (layer F.Fab) (width 0.1))
    (fp_line (start -2.04 4.6) (end -2.54 4.1) (layer F.Fab) (width 0.1))
    (fp_line (start -2.54 4.1) (end -2.54 -5.2) (layer F.Fab) (width 0.1))
    (fp_line (start -2.54 4.1) (end 7.62 4.1) (layer F.Fab) (width 0.1))
    (fp_line (start -2.6 4.1) (end 7.68 4.1) (layer F.SilkS) (width 0.12))
    (fp_line (start -2.54 2.6) (end 7.62 2.6) (layer F.Fab) (width 0.1))
    (fp_line (start -2.6 2.6) (end 7.68 2.6) (layer F.SilkS) (width 0.12))
    (fp_line (start -2.54 -2.3) (end 7.62 -2.3) (layer F.Fab) (width 0.1))
    (fp_line (start -2.6 -2.301) (end 7.68 -2.301) (layer F.SilkS) (width 0.12))
    (fp_line (start -2.6 -5.261) (end 7.68 -5.261) (layer F.SilkS) (width 0.12))
    (fp_line (start -2.6 4.66) (end 7.68 4.66) (layer F.SilkS) (width 0.12))
    (fp_line (start -2.6 -5.261) (end -2.6 4.66) (layer F.SilkS) (width 0.12))
    (fp_line (start 7.68 -5.261) (end 7.68 4.66) (layer F.SilkS) (width 0.12))
    (fp_line (start 1.138 -0.955) (end -0.955 1.138) (layer F.Fab) (width 0.1))
    (fp_line (start 0.955 -1.138) (end -1.138 0.955) (layer F.Fab) (width 0.1))
    (fp_line (start 6.218 -0.955) (end 4.126 1.138) (layer F.Fab) (width 0.1))
    (fp_line (start 6.035 -1.138) (end 3.943 0.955) (layer F.Fab) (width 0.1))
    (fp_line (start 6.355 -1.069) (end 6.308 -1.023) (layer F.SilkS) (width 0.12))
    (fp_line (start 4.046 1.239) (end 4.011 1.274) (layer F.SilkS) (width 0.12))
    (fp_line (start 6.15 -1.275) (end 6.115 -1.239) (layer F.SilkS) (width 0.12))
    (fp_line (start 3.853 1.023) (end 3.806 1.069) (layer F.SilkS) (width 0.12))
    (fp_line (start -2.84 4.16) (end -2.84 4.9) (layer F.SilkS) (width 0.12))
    (fp_line (start -2.84 4.9) (end -2.34 4.9) (layer F.SilkS) (width 0.12))
    (fp_line (start -3.04 -5.71) (end -3.04 5.1) (layer F.CrtYd) (width 0.05))
    (fp_line (start -3.04 5.1) (end 8.13 5.1) (layer F.CrtYd) (width 0.05))
    (fp_line (start 8.13 5.1) (end 8.13 -5.71) (layer F.CrtYd) (width 0.05))
    (fp_line (start 8.13 -5.71) (end -3.04 -5.71) (layer F.CrtYd) (width 0.05))
    (fp_text user %R (at 2.54 3.2) (layer F.Fab)
      (effects (font (size 1 1) (thickness 0.15)))
    )
    (fp_arc (start 0 0) (end -0.684 1.535) (angle -25) (layer F.SilkS) (width 0.12))
    (fp_arc (start 0 0) (end -1.535 -0.684) (angle -48) (layer F.SilkS) (width 0.12))
    (fp_arc (start 0 0) (end 0.684 -1.535) (angle -48) (layer F.SilkS) (width 0.12))
    (fp_arc (start 0 0) (end 1.535 0.684) (angle -48) (layer F.SilkS) (width 0.12))
    (fp_arc (start 0 0) (end 0 1.68) (angle -24) (layer F.SilkS) (width 0.12))
    (pad 2 thru_hole circle (at 5.08 0) (size 2.6 2.6) (drill 1.3) (layers *.Cu *.Mask)
      (net 27 +12V))
    (pad 1 thru_hole rect (at 0 0) (size 2.6 2.6) (drill 1.3) (layers *.Cu *.Mask)
      (net 30 "Net-(D1-Pad2)"))
    (model ${KISYS3DMOD}/TerminalBlock_Phoenix.3dshapes/TerminalBlock_Phoenix_MKDS-1,5-2-5.08_1x02_P5.08mm_Horizontal.wrl
      (at (xyz 0 0 0))
      (scale (xyz 1 1 1))
      (rotate (xyz 0 0 0))
    )
  )

  (module Connector_PinHeader_2.54mm:PinHeader_1x03_P2.54mm_Vertical (layer F.Cu) (tedit 59FED5CC) (tstamp 634B3859)
    (at 116.84 59.69)
    (descr "Through hole straight pin header, 1x03, 2.54mm pitch, single row")
    (tags "Through hole pin header THT 1x03 2.54mm single row")
    (path /634B3CAD)
    (fp_text reference J4 (at 0 -2.33) (layer F.Fab)
      (effects (font (size 1 1) (thickness 0.15)))
    )
    (fp_text value "Flow sensor" (at 2.54 2.54 90) (layer F.SilkS)
      (effects (font (size 1 1) (thickness 0.15)))
    )
    (fp_line (start 1.8 -1.8) (end -1.8 -1.8) (layer F.CrtYd) (width 0.05))
    (fp_line (start 1.8 6.85) (end 1.8 -1.8) (layer F.CrtYd) (width 0.05))
    (fp_line (start -1.8 6.85) (end 1.8 6.85) (layer F.CrtYd) (width 0.05))
    (fp_line (start -1.8 -1.8) (end -1.8 6.85) (layer F.CrtYd) (width 0.05))
    (fp_line (start -1.33 -1.33) (end 0 -1.33) (layer F.SilkS) (width 0.12))
    (fp_line (start -1.33 0) (end -1.33 -1.33) (layer F.SilkS) (width 0.12))
    (fp_line (start -1.33 1.27) (end 1.33 1.27) (layer F.SilkS) (width 0.12))
    (fp_line (start 1.33 1.27) (end 1.33 6.41) (layer F.SilkS) (width 0.12))
    (fp_line (start -1.33 1.27) (end -1.33 6.41) (layer F.SilkS) (width 0.12))
    (fp_line (start -1.33 6.41) (end 1.33 6.41) (layer F.SilkS) (width 0.12))
    (fp_line (start -1.27 -0.635) (end -0.635 -1.27) (layer F.Fab) (width 0.1))
    (fp_line (start -1.27 6.35) (end -1.27 -0.635) (layer F.Fab) (width 0.1))
    (fp_line (start 1.27 6.35) (end -1.27 6.35) (layer F.Fab) (width 0.1))
    (fp_line (start 1.27 -1.27) (end 1.27 6.35) (layer F.Fab) (width 0.1))
    (fp_line (start -0.635 -1.27) (end 1.27 -1.27) (layer F.Fab) (width 0.1))
    (fp_text user %R (at 0 2.54 180) (layer F.Fab)
      (effects (font (size 1 1) (thickness 0.15)))
    )
    (pad 1 thru_hole rect (at 0 0) (size 1.7 1.7) (drill 1) (layers *.Cu *.Mask)
      (net 22 +5V))
    (pad 2 thru_hole oval (at 0 2.54) (size 1.7 1.7) (drill 1) (layers *.Cu *.Mask)
      (net 9 Flow_sensor))
    (pad 3 thru_hole oval (at 0 5.08) (size 1.7 1.7) (drill 1) (layers *.Cu *.Mask)
      (net 7 GND))
    (model ${KISYS3DMOD}/Connector_PinHeader_2.54mm.3dshapes/PinHeader_1x03_P2.54mm_Vertical.wrl
      (at (xyz 0 0 0))
      (scale (xyz 1 1 1))
      (rotate (xyz 0 0 0))
    )
  )

  (module TerminalBlock_Phoenix:TerminalBlock_Phoenix_MKDS-1,5-2-5.08_1x02_P5.08mm_Horizontal (layer F.Cu) (tedit 5B294EBC) (tstamp 634B21CB)
    (at 137.16 92.71)
    (descr "Terminal Block Phoenix MKDS-1,5-2-5.08, 2 pins, pitch 5.08mm, size 10.2x9.8mm^2, drill diamater 1.3mm, pad diameter 2.6mm, see http://www.farnell.com/datasheets/100425.pdf, script-generated using https://github.com/pointhi/kicad-footprint-generator/scripts/TerminalBlock_Phoenix")
    (tags "THT Terminal Block Phoenix MKDS-1,5-2-5.08 pitch 5.08mm size 10.2x9.8mm^2 drill 1.3mm pad 2.6mm")
    (path /634B1F37)
    (fp_text reference J5 (at -4.318 -0.508) (layer F.Fab)
      (effects (font (size 1 1) (thickness 0.15)))
    )
    (fp_text value "LED OUT" (at 2.54 -6.35) (layer F.SilkS)
      (effects (font (size 1 1) (thickness 0.15)))
    )
    (fp_circle (center 0 0) (end 1.5 0) (layer F.Fab) (width 0.1))
    (fp_circle (center 5.08 0) (end 6.58 0) (layer F.Fab) (width 0.1))
    (fp_circle (center 5.08 0) (end 6.76 0) (layer F.SilkS) (width 0.12))
    (fp_line (start -2.54 -5.2) (end 7.62 -5.2) (layer F.Fab) (width 0.1))
    (fp_line (start 7.62 -5.2) (end 7.62 4.6) (layer F.Fab) (width 0.1))
    (fp_line (start 7.62 4.6) (end -2.04 4.6) (layer F.Fab) (width 0.1))
    (fp_line (start -2.04 4.6) (end -2.54 4.1) (layer F.Fab) (width 0.1))
    (fp_line (start -2.54 4.1) (end -2.54 -5.2) (layer F.Fab) (width 0.1))
    (fp_line (start -2.54 4.1) (end 7.62 4.1) (layer F.Fab) (width 0.1))
    (fp_line (start -2.6 4.1) (end 7.68 4.1) (layer F.SilkS) (width 0.12))
    (fp_line (start -2.54 2.6) (end 7.62 2.6) (layer F.Fab) (width 0.1))
    (fp_line (start -2.6 2.6) (end 7.68 2.6) (layer F.SilkS) (width 0.12))
    (fp_line (start -2.54 -2.3) (end 7.62 -2.3) (layer F.Fab) (width 0.1))
    (fp_line (start -2.6 -2.301) (end 7.68 -2.301) (layer F.SilkS) (width 0.12))
    (fp_line (start -2.6 -5.261) (end 7.68 -5.261) (layer F.SilkS) (width 0.12))
    (fp_line (start -2.6 4.66) (end 7.68 4.66) (layer F.SilkS) (width 0.12))
    (fp_line (start -2.6 -5.261) (end -2.6 4.66) (layer F.SilkS) (width 0.12))
    (fp_line (start 7.68 -5.261) (end 7.68 4.66) (layer F.SilkS) (width 0.12))
    (fp_line (start 1.138 -0.955) (end -0.955 1.138) (layer F.Fab) (width 0.1))
    (fp_line (start 0.955 -1.138) (end -1.138 0.955) (layer F.Fab) (width 0.1))
    (fp_line (start 6.218 -0.955) (end 4.126 1.138) (layer F.Fab) (width 0.1))
    (fp_line (start 6.035 -1.138) (end 3.943 0.955) (layer F.Fab) (width 0.1))
    (fp_line (start 6.355 -1.069) (end 6.308 -1.023) (layer F.SilkS) (width 0.12))
    (fp_line (start 4.046 1.239) (end 4.011 1.274) (layer F.SilkS) (width 0.12))
    (fp_line (start 6.15 -1.275) (end 6.115 -1.239) (layer F.SilkS) (width 0.12))
    (fp_line (start 3.853 1.023) (end 3.806 1.069) (layer F.SilkS) (width 0.12))
    (fp_line (start -2.84 4.16) (end -2.84 4.9) (layer F.SilkS) (width 0.12))
    (fp_line (start -2.84 4.9) (end -2.34 4.9) (layer F.SilkS) (width 0.12))
    (fp_line (start -3.04 -5.71) (end -3.04 5.1) (layer F.CrtYd) (width 0.05))
    (fp_line (start -3.04 5.1) (end 8.13 5.1) (layer F.CrtYd) (width 0.05))
    (fp_line (start 8.13 5.1) (end 8.13 -5.71) (layer F.CrtYd) (width 0.05))
    (fp_line (start 8.13 -5.71) (end -3.04 -5.71) (layer F.CrtYd) (width 0.05))
    (fp_text user %R (at 2.54 3.2) (layer F.Fab)
      (effects (font (size 1 1) (thickness 0.15)))
    )
    (fp_arc (start 0 0) (end -0.684 1.535) (angle -25) (layer F.SilkS) (width 0.12))
    (fp_arc (start 0 0) (end -1.535 -0.684) (angle -48) (layer F.SilkS) (width 0.12))
    (fp_arc (start 0 0) (end 0.684 -1.535) (angle -48) (layer F.SilkS) (width 0.12))
    (fp_arc (start 0 0) (end 1.535 0.684) (angle -48) (layer F.SilkS) (width 0.12))
    (fp_arc (start 0 0) (end 0 1.68) (angle -24) (layer F.SilkS) (width 0.12))
    (pad 2 thru_hole circle (at 5.08 0) (size 2.6 2.6) (drill 1.3) (layers *.Cu *.Mask)
      (net 27 +12V))
    (pad 1 thru_hole rect (at 0 0) (size 2.6 2.6) (drill 1.3) (layers *.Cu *.Mask)
      (net 31 "Net-(J5-Pad1)"))
    (model ${KISYS3DMOD}/TerminalBlock_Phoenix.3dshapes/TerminalBlock_Phoenix_MKDS-1,5-2-5.08_1x02_P5.08mm_Horizontal.wrl
      (at (xyz 0 0 0))
      (scale (xyz 1 1 1))
      (rotate (xyz 0 0 0))
    )
  )

  (module Package_TO_SOT_THT:TO-220-3_Vertical (layer F.Cu) (tedit 5AC8BA0D) (tstamp 634B21E5)
    (at 154.94 76.2)
    (descr "TO-220-3, Vertical, RM 2.54mm, see https://www.vishay.com/docs/66542/to-220-1.pdf")
    (tags "TO-220-3 Vertical RM 2.54mm")
    (path /634AF76F)
    (fp_text reference Q1 (at 2.54 -4.064) (layer F.SilkS)
      (effects (font (size 1 1) (thickness 0.15)))
    )
    (fp_text value Q_NMOS_GDS (at 2.54 2.5) (layer F.Fab)
      (effects (font (size 1 1) (thickness 0.15)))
    )
    (fp_line (start 7.79 -3.4) (end -2.71 -3.4) (layer F.CrtYd) (width 0.05))
    (fp_line (start 7.79 1.51) (end 7.79 -3.4) (layer F.CrtYd) (width 0.05))
    (fp_line (start -2.71 1.51) (end 7.79 1.51) (layer F.CrtYd) (width 0.05))
    (fp_line (start -2.71 -3.4) (end -2.71 1.51) (layer F.CrtYd) (width 0.05))
    (fp_line (start 4.391 -3.27) (end 4.391 -1.76) (layer F.SilkS) (width 0.12))
    (fp_line (start 0.69 -3.27) (end 0.69 -1.76) (layer F.SilkS) (width 0.12))
    (fp_line (start -2.58 -1.76) (end 7.66 -1.76) (layer F.SilkS) (width 0.12))
    (fp_line (start 7.66 -3.27) (end 7.66 1.371) (layer F.SilkS) (width 0.12))
    (fp_line (start -2.58 -3.27) (end -2.58 1.371) (layer F.SilkS) (width 0.12))
    (fp_line (start -2.58 1.371) (end 7.66 1.371) (layer F.SilkS) (width 0.12))
    (fp_line (start -2.58 -3.27) (end 7.66 -3.27) (layer F.SilkS) (width 0.12))
    (fp_line (start 4.39 -3.15) (end 4.39 -1.88) (layer F.Fab) (width 0.1))
    (fp_line (start 0.69 -3.15) (end 0.69 -1.88) (layer F.Fab) (width 0.1))
    (fp_line (start -2.46 -1.88) (end 7.54 -1.88) (layer F.Fab) (width 0.1))
    (fp_line (start 7.54 -3.15) (end -2.46 -3.15) (layer F.Fab) (width 0.1))
    (fp_line (start 7.54 1.25) (end 7.54 -3.15) (layer F.Fab) (width 0.1))
    (fp_line (start -2.46 1.25) (end 7.54 1.25) (layer F.Fab) (width 0.1))
    (fp_line (start -2.46 -3.15) (end -2.46 1.25) (layer F.Fab) (width 0.1))
    (fp_text user %R (at 2.54 -4.27) (layer F.Fab)
      (effects (font (size 1 1) (thickness 0.15)))
    )
    (pad 1 thru_hole rect (at 0 0) (size 1.905 2) (drill 1.1) (layers *.Cu *.Mask)
      (net 19 Solenoid))
    (pad 2 thru_hole oval (at 2.54 0) (size 1.905 2) (drill 1.1) (layers *.Cu *.Mask)
      (net 30 "Net-(D1-Pad2)"))
    (pad 3 thru_hole oval (at 5.08 0) (size 1.905 2) (drill 1.1) (layers *.Cu *.Mask)
      (net 7 GND))
    (model ${KISYS3DMOD}/Package_TO_SOT_THT.3dshapes/TO-220-3_Vertical.wrl
      (at (xyz 0 0 0))
      (scale (xyz 1 1 1))
      (rotate (xyz 0 0 0))
    )
  )

  (module Resistor_THT:R_Axial_DIN0207_L6.3mm_D2.5mm_P7.62mm_Horizontal (layer F.Cu) (tedit 5AE5139B) (tstamp 634B21FC)
    (at 153.67 80.01)
    (descr "Resistor, Axial_DIN0207 series, Axial, Horizontal, pin pitch=7.62mm, 0.25W = 1/4W, length*diameter=6.3*2.5mm^2, http://cdn-reichelt.de/documents/datenblatt/B400/1_4W%23YAG.pdf")
    (tags "Resistor Axial_DIN0207 series Axial Horizontal pin pitch 7.62mm 0.25W = 1/4W length 6.3mm diameter 2.5mm")
    (path /634AFEBF)
    (fp_text reference R1 (at 3.81 -2.37) (layer F.Fab)
      (effects (font (size 1 1) (thickness 0.15)))
    )
    (fp_text value 10k (at 3.81 0) (layer F.SilkS)
      (effects (font (size 1 1) (thickness 0.15)))
    )
    (fp_line (start 8.67 -1.5) (end -1.05 -1.5) (layer F.CrtYd) (width 0.05))
    (fp_line (start 8.67 1.5) (end 8.67 -1.5) (layer F.CrtYd) (width 0.05))
    (fp_line (start -1.05 1.5) (end 8.67 1.5) (layer F.CrtYd) (width 0.05))
    (fp_line (start -1.05 -1.5) (end -1.05 1.5) (layer F.CrtYd) (width 0.05))
    (fp_line (start 7.08 1.37) (end 7.08 1.04) (layer F.SilkS) (width 0.12))
    (fp_line (start 0.54 1.37) (end 7.08 1.37) (layer F.SilkS) (width 0.12))
    (fp_line (start 0.54 1.04) (end 0.54 1.37) (layer F.SilkS) (width 0.12))
    (fp_line (start 7.08 -1.37) (end 7.08 -1.04) (layer F.SilkS) (width 0.12))
    (fp_line (start 0.54 -1.37) (end 7.08 -1.37) (layer F.SilkS) (width 0.12))
    (fp_line (start 0.54 -1.04) (end 0.54 -1.37) (layer F.SilkS) (width 0.12))
    (fp_line (start 7.62 0) (end 6.96 0) (layer F.Fab) (width 0.1))
    (fp_line (start 0 0) (end 0.66 0) (layer F.Fab) (width 0.1))
    (fp_line (start 6.96 -1.25) (end 0.66 -1.25) (layer F.Fab) (width 0.1))
    (fp_line (start 6.96 1.25) (end 6.96 -1.25) (layer F.Fab) (width 0.1))
    (fp_line (start 0.66 1.25) (end 6.96 1.25) (layer F.Fab) (width 0.1))
    (fp_line (start 0.66 -1.25) (end 0.66 1.25) (layer F.Fab) (width 0.1))
    (fp_text user %R (at 3.81 0) (layer F.Fab)
      (effects (font (size 1 1) (thickness 0.15)))
    )
    (pad 1 thru_hole circle (at 0 0) (size 1.6 1.6) (drill 0.8) (layers *.Cu *.Mask)
      (net 19 Solenoid))
    (pad 2 thru_hole oval (at 7.62 0) (size 1.6 1.6) (drill 0.8) (layers *.Cu *.Mask)
      (net 7 GND))
    (model ${KISYS3DMOD}/Resistor_THT.3dshapes/R_Axial_DIN0207_L6.3mm_D2.5mm_P7.62mm_Horizontal.wrl
      (at (xyz 0 0 0))
      (scale (xyz 1 1 1))
      (rotate (xyz 0 0 0))
    )
  )

  (module Resistor_THT:R_Axial_DIN0207_L6.3mm_D2.5mm_P7.62mm_Horizontal (layer F.Cu) (tedit 5AE5139B) (tstamp 634B2EE3)
    (at 137.16 83.82 180)
    (descr "Resistor, Axial_DIN0207 series, Axial, Horizontal, pin pitch=7.62mm, 0.25W = 1/4W, length*diameter=6.3*2.5mm^2, http://cdn-reichelt.de/documents/datenblatt/B400/1_4W%23YAG.pdf")
    (tags "Resistor Axial_DIN0207 series Axial Horizontal pin pitch 7.62mm 0.25W = 1/4W length 6.3mm diameter 2.5mm")
    (path /634B03E2)
    (fp_text reference R2 (at 3.81 -2.37) (layer F.Fab)
      (effects (font (size 1 1) (thickness 0.15)))
    )
    (fp_text value 470 (at 3.81 0) (layer F.SilkS)
      (effects (font (size 1 1) (thickness 0.15)))
    )
    (fp_line (start 8.67 -1.5) (end -1.05 -1.5) (layer F.CrtYd) (width 0.05))
    (fp_line (start 8.67 1.5) (end 8.67 -1.5) (layer F.CrtYd) (width 0.05))
    (fp_line (start -1.05 1.5) (end 8.67 1.5) (layer F.CrtYd) (width 0.05))
    (fp_line (start -1.05 -1.5) (end -1.05 1.5) (layer F.CrtYd) (width 0.05))
    (fp_line (start 7.08 1.37) (end 7.08 1.04) (layer F.SilkS) (width 0.12))
    (fp_line (start 0.54 1.37) (end 7.08 1.37) (layer F.SilkS) (width 0.12))
    (fp_line (start 0.54 1.04) (end 0.54 1.37) (layer F.SilkS) (width 0.12))
    (fp_line (start 7.08 -1.37) (end 7.08 -1.04) (layer F.SilkS) (width 0.12))
    (fp_line (start 0.54 -1.37) (end 7.08 -1.37) (layer F.SilkS) (width 0.12))
    (fp_line (start 0.54 -1.04) (end 0.54 -1.37) (layer F.SilkS) (width 0.12))
    (fp_line (start 7.62 0) (end 6.96 0) (layer F.Fab) (width 0.1))
    (fp_line (start 0 0) (end 0.66 0) (layer F.Fab) (width 0.1))
